8
86 10
0 1 0 0 1 0 1 1 1 1 0 1 1 1 1 1 1 1 0 0 0 0 0 0 0 0 0 1 0 0 1 0 1 1 1 0 1 1 0 0 0 1 1 0 1 1 1 1 0 1 0 1 1 1 0 1 1 0 1 1 0 0 0 0 0 0 1 1 1 1 0 1 0 1 0 0 1 0 0 0 0 1 1 1 1 1
85 7
0 0 1 1 1 0 1 0 0 1 0 0 1 0 0 1 1 0 1 0 1 0 1 1 0 1 1 0 0 0 1 0 0 1 0 1 1 1 0 1 0 0 0 0 0 0 1 0 0 0 0 0 0 0 1 1 1 0 1 1 0 1 0 0 0 0 0 1 1 0 0 1 0 0 1 0 0 0 0 1 1 1 1 1 1
35 9
0 0 0 0 1 1 0 0 0 0 1 0 0 1 1 1 1 0 1 1 0 1 0 1 1 0 0 1 0 1 0 0 0 0 0
31 11
0 1 0 1 0 0 0 0 0 0 0 0 0 1 0 1 1 0 1 0 0 0 1 1 1 0 0 1 1 1 1
31 5
0 1 1 1 0 0 1 0 1 0 0 0 1 0 0 1 0 1 0 0 0 1 0 0 1 0 1 0 1 1 1
10 8
0 1 1 1 1 1 0 1 0 1
34 9
0 0 1 0 0 1 0 1 1 0 1 0 1 0 1 1 1 1 0 1 0 1 0 0 0 1 0 1 0 0 0 0 0 1
10 4
0 0 0 0 0 1 1 1 1 0